35
33
34
32
33
35
36
34
36
34
37
35
35
36
34
35
35
33
34
32
33
31
33
32
30
31
37
35
35
34
36
35
33
35
34
32
33
34
32
36
34
38
36
36
34
38
36
37
37
35
35
33
33
34
32
31
33
32
30
31
29
30
28
29
27
29
27
28
26
27
27
25
26
24
23
25
23
24
22
23
21
22
20
24
22
23
23
21
22
20
28
26
27
27
37
37
35
28
26
21
19
24
22
21
19
28
26
30
28
36
34
38
36
38
36
37
39
37
35
31
29
29
27
27
28
26
27
20
18
23
20
18
27
37
37
39
36
38
37
35
35
37
34
36
35
36
34
35
19
19
17
30
28
32
30
38
36
40
38
38
36
38
40
39
39
37
39
31
33
29
29
30
28
29
29
27
28
26
27
25
27
26
24
18
16
41
39
37
39
17
15
17
15
25
28
26
30
28
34
32
40
38
40
38
38
40
